version https://git-lfs.github.com/spec/v1
oid sha256:acf42fdd30169ba76ef47fa2ca1d647a03fa0dc938ba9a1ddbcd5e9306ef9c5d
size 115663172
